{
  "N": 1057,
  "Threshold": 0.5,
  "Accuracy": 0.4153263954588458,
  "Recall": 0.0032310177705977385,
  "Specificity": 0.997716894977169,
  "Precision": 0.6666666666666666,
  "F1": 0.006430868167202572,
  "AUROC": 0.7565302705055289,
  "AUPRC": 0.7533265313898063,
  "TN": 437,
  "FP": 1,
  "FN": 617,
  "TP": 2
}