{
  "N": 947,
  "Threshold": 0.5,
  "Accuracy": 0.7624076029567054,
  "Recall": 0.7838383838383839,
  "Specificity": 0.7389380530973452,
  "Precision": 0.766798418972332,
  "F1": 0.7752247752247753,
  "AUROC": 0.8429717529275051,
  "AUPRC": 0.819490889114816,
  "TN": 334,
  "FP": 118,
  "FN": 107,
  "TP": 388
}