{
  "N": 947,
  "Threshold": 0.5,
  "Accuracy": 0.7592397043294614,
  "Recall": 0.7818181818181819,
  "Specificity": 0.7345132743362832,
  "Precision": 0.7633136094674556,
  "F1": 0.7724550898203593,
  "AUROC": 0.8444399749709485,
  "AUPRC": 0.8202408888126401,
  "TN": 332,
  "FP": 120,
  "FN": 108,
  "TP": 387
}