{
  "N": 1288,
  "Threshold": 0.5,
  "Accuracy": 0.7111801242236024,
  "Recall": 0.8074534161490683,
  "Specificity": 0.6149068322981367,
  "Precision": 0.6770833333333334,
  "F1": 0.7365439093484418,
  "AUROC": 0.7660330909301338,
  "AUPRC": 0.7233765657750119,
  "TN": 396,
  "FP": 248,
  "FN": 124,
  "TP": 520
}