{
  "N": 1057,
  "Threshold": 0.5,
  "Accuracy": 0.7350993377483444,
  "Recall": 0.8061389337641357,
  "Specificity": 0.634703196347032,
  "Precision": 0.7572078907435509,
  "F1": 0.780907668231612,
  "AUROC": 0.8001121266440938,
  "AUPRC": 0.8090772728968629,
  "TN": 278,
  "FP": 160,
  "FN": 120,
  "TP": 499
}